0b000a01 0b001601 10000 50 15000000 2000000000 1289591 1300019
0b000701 0b001301 10000 80 15000000 2000000000 1309714 1320135
0b000901 0b001501 10000 60 15000000 2000000000 1361396 1360367
0b000801 0b001401 10000 70 15000000 2000000000 1467353 1340251
0b000401 0b001001 10000 110 15000000 2000000000 2311809 1320135
0b000101 0b000d01 10000 140 15000000 2000000000 2476156 1340251
0b000601 0b001201 10000 90 15000000 2000000000 2709249 1360367
0b000301 0b000f01 10000 120 15000000 2000000000 2720908 1360367
0b000501 0b001101 10000 100 15000000 2000000000 3421392 1320135
0b000001 0b000c01 10000 150 15000000 2000000000 3765619 1340251
0b000201 0b000e01 10000 130 15000000 2000000000 3768281 1340251
